papercode,bookname,chapter,quizefile,displayfield
PC05,DPC Act,All,pc22_dpc,DPC Act: All
PC05,Reg. Audit Accts 2007,All,pc22_audit_acct_regln,Reg. Audit Accts 2007: All
PC05,Constitution,All,pc05_constitution,Constitution
